Starting Dynare (version 4.4.3).
Starting preprocessing of the model file ...
Found 13 equation(s).
Evaluating expressions...done
Computing static model derivatives:
 - order 1
Computing dynamic model derivatives:
 - order 1
Processing outputs ...done
Preprocessing completed.
Starting MATLAB/Octave computing.
 
 Func-count    x          f(x)             Procedure
    2         1.01942   9.12255e-05        initial
    3         1.01944   1.48696e-06        interpolation
    4         1.01944  -2.12492e-11        interpolation
    5         1.01944   4.44089e-16        interpolation
    6         1.01944   4.44089e-16        interpolation
 
Zero found in the interval [1.01942, 1.02042]

STEADY-STATE RESULTS:

kbar     		 24.5731
i        		 0.491462
c        		 2.38876
R        		 0.00741707
omegabar 		 0.530803
Rk       		 0.0194371
n        		 11.4123
sigma    		 0.26
spread   		 1.00291
credit   		 13.1608
bankrupt 		 0.0105549
GDP      		 2.88022
wedge    		 0.0117909
 
 Func-count    x          f(x)             Procedure
    2         1.01942   9.12255e-05        initial
    3         1.01944   1.48696e-06        interpolation
    4         1.01944  -2.12492e-11        interpolation
    5         1.01944   4.44089e-16        interpolation
    6         1.01944   4.44089e-16        interpolation
 
Zero found in the interval [1.01942, 1.02042]

MODEL SUMMARY

  Number of variables:         13
  Number of stochastic shocks: 1
  Number of state variables:   5
  Number of jumpers:           3
  Number of static variables:  5


MATRIX OF COVARIANCE OF EXOGENOUS SHOCKS

Variables    sigma_e 
sigma_e      0.012100

POLICY AND TRANSITION FUNCTIONS
                                kbar            i               c               R               omegabar        Rk              n               sigma           spread          credit          bankrupt        GDP             wedge   
Constant                   24.573105        0.491462        2.388757        0.007417        0.530803        0.019437       11.412265        0.260000        1.002908       13.160840        0.010555        2.880220        0.011791
kbar(-1)                    0.916075       -0.063925        0.091046       -0.004119        0.019891       -0.001070       -0.025790               0        0.077343        0.941865        0.004027        0.027121        0.003090
R(-1)                      -1.298000       -1.298000        0.990857       -0.085616        0.543363               0      -13.063944               0        0.031115       11.765944        0.109994       -0.307143        0.085330
n(-1)                       0.099357        0.099357       -0.075847        0.006554       -0.041593               0        1.000000               0       -0.078586       -0.900643       -0.008420        0.023511       -0.006532
sigma(-1)                  -2.996176       -2.996176        2.279455       -0.208969        0.043903               0       -0.695220        0.970000        0.082952       -2.300956        0.284609       -0.716722        0.208092
credit(-1)                         0               0               0               0               0               0               0               0       -0.076204               0               0               0               0
sigma_e                    -0.613450       -0.613450        0.613450       -0.055527               0               0               0        0.260000               0       -0.613450               0               0        0.055104


MOMENTS OF SIMULATED VARIABLES

VARIABLE      MEAN    STD. DEV.   VARIANCE   SKEWNESS   KURTOSIS 
kbar        25.231248   1.716797   2.947392  -0.232042   0.351983
i            0.501812   0.147717   0.021820   0.313511   0.448257
c            2.408407   0.127473   0.016249  -0.373890   0.793381
R            0.008866   0.011248   0.000127   0.206255   0.297245
omegabar     0.589378   0.106071   0.011251  -0.252286   0.457858
Rk           0.018730   0.001833   0.000003   0.227695   0.360980
n           10.283379   1.861485   3.465127   0.227880   0.379982
sigma        0.205648   0.113226   0.012820   0.269504   0.410848
spread       1.001873   0.004333   0.000019  -0.026772   0.189895
credit      14.947869   3.486257  12.153988  -0.262882   0.468583
bankrupt     0.007369   0.014530   0.000211  -0.057362   0.192645
GDP          2.910220   0.086300   0.007448  -0.205008   0.288320
wedge        0.009687   0.011839   0.000140  -0.123304   0.218240


CORRELATION OF SIMULATED VARIABLES

VARIABLE     kbar        i         c         R     omegabar     Rk         n       sigma    spread    credit   bankrupt     GDP      wedge  
kbar          1.0000    0.2995    0.3019    0.3880    0.9434   -0.9965   -0.8983   -0.9246   -0.6581    0.9721   -0.6304    0.9586   -0.5120
i             0.2995    1.0000   -0.8131    0.9888    0.1208   -0.2183   -0.0849   -0.5700   -0.8224    0.1928   -0.8352    0.5106   -0.9666
c             0.3019   -0.8131    1.0000   -0.7611    0.4411   -0.3804   -0.4484    0.0200    0.3819    0.3881    0.4101    0.0853    0.6639
R             0.3880    0.9888   -0.7611    1.0000    0.2228   -0.3099   -0.1880   -0.6536   -0.8158    0.2915   -0.8239    0.5683   -0.9903
omegabar      0.9434    0.1208    0.4411    0.2228    1.0000   -0.9543   -0.9927   -0.8831   -0.5118    0.9946   -0.4783    0.8583   -0.3496
Rk           -0.9965   -0.2183   -0.3804   -0.3099   -0.9543    1.0000    0.9113    0.8955    0.6008   -0.9773    0.5713   -0.9356    0.4386
n            -0.8983   -0.0849   -0.4484   -0.1880   -0.9927    0.9113    1.0000    0.8583    0.4689   -0.9763    0.4348   -0.8077    0.3104
sigma        -0.9246   -0.5700    0.0200   -0.6536   -0.8831    0.8955    0.8583    1.0000    0.7946   -0.9136    0.7727   -0.9461    0.7482
spread       -0.6581   -0.8224    0.3819   -0.8158   -0.5118    0.6008    0.4689    0.7946    1.0000   -0.5745    0.9993   -0.8436    0.8593
credit        0.9721    0.1928    0.3881    0.2915    0.9946   -0.9773   -0.9763   -0.9136   -0.5745    1.0000   -0.5426    0.9034   -0.4179
bankrupt     -0.6304   -0.8352    0.4101   -0.8239   -0.4783    0.5713    0.4348    0.7727    0.9993   -0.5426    1.0000   -0.8238    0.8627
GDP           0.9586    0.5106    0.0853    0.5683    0.8583   -0.9356   -0.8077   -0.9461   -0.8436    0.9034   -0.8238    1.0000   -0.6739
wedge        -0.5120   -0.9666    0.6639   -0.9903   -0.3496    0.4386    0.3104    0.7482    0.8593   -0.4179    0.8627   -0.6739    1.0000


AUTOCORRELATION OF SIMULATED VARIABLES

VARIABLE      1       2       3       4       5   
kbar        0.9954  0.9857  0.9710  0.9523  0.9305
i           0.8844  0.7242  0.5765  0.4568  0.3649
c           0.8433  0.6978  0.5589  0.4497  0.3650
R           0.8458  0.7028  0.5666  0.4595  0.3764
omegabar    0.9966  0.9901  0.9802  0.9675  0.9525
Rk          0.9954  0.9856  0.9708  0.9520  0.9300
n           0.9970  0.9919  0.9839  0.9738  0.9617
sigma       0.9680  0.9356  0.9016  0.8709  0.8429
spread      0.8789  0.7652  0.6561  0.5688  0.5000
credit      0.9964  0.9891  0.9780  0.9638  0.9471
bankrupt    0.8739  0.7556  0.6423  0.5518  0.4807
GDP         0.9716  0.9406  0.9066  0.8738  0.8423
wedge       0.8645  0.7380  0.6170  0.5209  0.4455
Total computing time : 0h00m10s
