 
 
 
 
Residuals of the static equations:
 
Equation number 1 : 0
Equation number 2 : 0
Equation number 3 : 0
Equation number 4 : 0
Equation number 5 : 0
Equation number 6 : 0
Equation number 7 : 0
Equation number 8 : 0
Equation number 9 : 0
Equation number 10 : 0
Equation number 11 : 0
Equation number 12 : 0
Equation number 13 : 0
Equation number 14 : 0
Equation number 15 : 0
Equation number 16 : 0
Equation number 17 : 0
Equation number 18 : 0
Equation number 19 : 0
Equation number 20 : 0
Equation number 21 : 0
Equation number 22 : 0
Equation number 23 : 0
Equation number 24 : 0
Equation number 25 : 0
Equation number 26 : 0
 
 
 
STEADY-STATE RESULTS:
 
lam    		 0.578108
C      		 -0.559707
R      		 0.035101
z      		 0
i      		 0.0100503
u      		 0
mu     		 0.578108
inv    		 -1.56916
wstar  		 0.561951
w      		 0.561951
x1     		 1.80365
x2     		 1.90901
Y      		 -0.025836
A      		 0
N      		 -1.09861
vp     		 0
pi     		 0
pistar 		 0
h1     		 1.29282
h2     		 0.836231
mc     		 -0.105361
K      		 2.11972
Kbar   		 2.11972
G      		 -1.63527
q      		 0
omegag 		 0.2
 
EIGENVALUES:
         Modulus             Real        Imaginary

          0.6999           0.6999                0
          0.7252            0.706           0.1657
          0.7252            0.706          -0.1657
            0.75             0.75                0
          0.7814           0.7814                0
             0.9              0.9                0
             0.9              0.9                0
             0.9              0.9                0
          0.9768           0.9768                0
           1.021            1.021         0.004388
           1.021            1.021        -0.004388
           1.292             1.26           0.2865
           1.292             1.26          -0.2865
            1.31             1.31                0
           1.347            1.347                0
           1.347            1.347                0
           1.476            1.476                0
             Inf              Inf                0
             Inf              Inf                0
             Inf              Inf                0
             Inf              Inf                0
             Inf              Inf                0


There are 13 eigenvalue(s) larger than 1 in modulus 
for 13 forward-looking variable(s)
 
The rank condition is verified.
 
 
MODEL SUMMARY
 
  Number of variables:         26
  Number of stochastic shocks: 4
  Number of state variables:   9
  Number of jumpers:           13
  Number of static variables:  7


MATRIX OF COVARIANCE OF EXOGENOUS SHOCKS

Variables    eg        ei        ea        ez        
eg           0.000100  0.000000  0.000000  0.000000
ei           0.000000  0.000100  0.000000  0.000000
ea           0.000000  0.000000  0.000100  0.000000
ez           0.000000  0.000000  0.000000  0.000100
 
POLICY AND TRANSITION FUNCTIONS
                                  Y               C               inv             N               i               pi              w               u               z               A               G     
Constant                   -0.025836       -0.559707       -1.569163       -1.098612        0.010050               0        0.561951               0               0               0       -1.635274
i(-1)                      -1.554737       -0.575198       -2.374183       -1.666699        0.806235       -0.106854       -0.043252       -1.330813               0               0       -1.554737
w(-1)                       0.192289       -0.013325       -0.073861       -0.007276        0.037523        0.186059        0.767184        0.591418               0               0        0.192289
A(-1)                      -0.306126        0.015394        0.087223       -1.354916       -0.060660       -0.302357        0.187533       -0.908546               0        0.900000       -0.306126
vp(-1)                      0.264571       -0.031919       -0.119162        1.095468        0.016301        0.020482        0.000260        0.852778               0               0        0.264571
K(-1)                      -0.255192        0.138645        0.123216       -0.363167       -0.013735       -0.006504        0.027852       -1.039242               0               0       -0.255192
omegag(-1)                  1.075956       -0.224248       -0.826509        1.165855        0.051434       -0.015758       -0.014386        0.896160               0               0        5.575956
C(-1)                       0.553614        0.598063       -0.219496        0.598541        0.027755        0.000496       -0.002660        0.463760               0               0        0.553614
z(-1)                       0.237524       -0.167987        0.330318       -0.006942       -0.002022       -0.092657        0.040358        0.726455        0.900000               0        0.237524
inv(-1)                     0.247185       -0.031361        0.720541        0.267147        0.012383        0.000160       -0.000837        0.207262               0               0        0.247185
eg                          1.195507       -0.249164       -0.918343        1.295394        0.057149       -0.017509       -0.015985        0.995733               0               0        6.195507
ei                         -1.727485       -0.639108       -2.637981       -1.851888        0.895817       -0.118727       -0.048058       -1.478681               0               0       -1.727485
ea                         -0.340140        0.017104        0.096915       -1.505462       -0.067400       -0.335952        0.208370       -1.009495               0        1.000000       -0.340140
ez                          0.263915       -0.186653        0.367020       -0.007713       -0.002247       -0.102953        0.044842        0.807172        1.000000               0        0.263915


THEORETICAL MOMENTS

VARIABLE    MEAN       STD. DEV.  VARIANCE   
Y             -0.0258     0.0536     0.0029
C             -0.5597     0.0279     0.0008
inv           -1.5692     0.1242     0.0154
N             -1.0986     0.0620     0.0038
i              0.0101     0.0132     0.0002
pi             0.0000     0.0060     0.0000
w              0.5620     0.0202     0.0004
u              0.0000     0.0612     0.0037
z              0.0000     0.0229     0.0005
A              0.0000     0.0229     0.0005
G             -1.6353     0.1331     0.0177
 


VARIANCE DECOMPOSITION (in percent)

       eg      ei      ea      ez      
Y        6.88   88.86    2.83    1.43
C       37.33   42.93    2.78   16.95
inv     31.86   57.28    3.48    7.38
N        6.62   74.88   17.96    0.54
i        1.61   93.23    4.94    0.22
pi       2.60   11.82   76.01    9.58
w        4.99    4.41   82.40    8.21
u       23.55   55.41    5.90   15.14
z        0.00    0.00    0.00  100.00
A        0.00    0.00  100.00    0.00
G       84.90   14.41    0.46    0.23
 


MATRIX OF CORRELATIONS

Variables    Y        C        inv      N        i        pi       w        u        z        A        G        
Y            1.0000  0.4657  0.7337  0.8641 -0.7675  0.2406  0.2225  0.6900  0.1170  0.0727  0.5210
C            0.4657  1.0000  0.6691  0.3434 -0.5390  0.3417  0.3371 -0.1683 -0.3085  0.1219 -0.2265
inv          0.7337  0.6691  1.0000  0.5341 -0.6197  0.1623  0.3976  0.3172  0.2398  0.1556 -0.1483
N            0.8641  0.3434  0.5341  1.0000 -0.6163  0.6050 -0.2567  0.7502 -0.0256 -0.4088  0.4798
i           -0.7675 -0.5390 -0.6197 -0.6163  1.0000 -0.1607 -0.2152 -0.5400  0.0202 -0.2087 -0.2248
pi           0.2406  0.3417  0.1623  0.6050 -0.1607  1.0000 -0.4446  0.1949 -0.2921 -0.7953 -0.0212
w            0.2225  0.3371  0.3976 -0.2567 -0.2152 -0.4446  1.0000 -0.2218  0.2062  0.7957 -0.0021
u            0.6900 -0.1683  0.3172  0.7502 -0.5400  0.1949 -0.2218  1.0000  0.2013 -0.1635  0.4871
z            0.1170 -0.3085  0.2398 -0.0256  0.0202 -0.2921  0.2062  0.2013  1.0000  0.0000  0.0471
A            0.0727  0.1219  0.1556 -0.4088 -0.2087 -0.7953  0.7957 -0.1635  0.0000  1.0000  0.0293
G            0.5210 -0.2265 -0.1483  0.4798 -0.2248 -0.0212 -0.0021  0.4871  0.0471  0.0293  1.0000
 


COEFFICIENTS OF AUTOCORRELATION

Order    1       2       3       4       5       
Y        0.8873  0.7209  0.5470  0.3902  0.2610
C        0.9563  0.8777  0.7934  0.7176  0.6556
inv      0.9587  0.8718  0.7652  0.6557  0.5531
N        0.8741  0.7085  0.5430  0.3978  0.2805
i        0.7222  0.4883  0.3057  0.1720  0.0800
pi       0.7843  0.6141  0.4818  0.3802  0.3028
w        0.9885  0.9613  0.9239  0.8803  0.8334
u        0.9120  0.7958  0.6779  0.5724  0.4849
z        0.9000  0.8100  0.7290  0.6561  0.5905
A        0.9000  0.8100  0.7290  0.6561  0.5905
G        0.8705  0.7545  0.6540  0.5686  0.4968
