y = 1.50000000000000; 
a = 0.02270451892852; 
c = 1.50066129666782; 
