Starting Dynare (version 4.4.3).
Starting preprocessing of the model file ...
Found 10 equation(s).
Evaluating expressions...done
Computing static model derivatives:
 - order 1
Computing dynamic model derivatives:
 - order 1
Processing outputs ...done
Preprocessing completed.
Starting MATLAB/Octave computing.

MODEL SUMMARY

  Number of variables:         10
  Number of stochastic shocks: 1
  Number of state variables:   4
  Number of jumpers:           3
  Number of static variables:  4


MATRIX OF COVARIANCE OF EXOGENOUS SHOCKS

Variables     eps_A  
eps_A        0.000100

POLICY AND TRANSITION FUNCTIONS
                                  pie             h               R               C               A               lmult1          lmult2          lmult3          Welf            Util  
Constant                    1.000000        0.894427        0.010101        0.894427        1.000000               0       -0.025000       -1.006231      -51.157178       -0.511572
A(-1)                              0               0       -0.090909        0.804984        0.900000               0               0        0.905608        8.256881        0.900000
lmult1(-1)                  0.028171        0.392281       -0.486705        0.392281               0               0       -0.015354       -0.509982        0.070428        0.087717
lmult2(-1)                  0.454956        2.112780       -0.705597        2.112780               0               0        0.590540        0.264098        1.137389        0.472432
eps_A                              0               0       -0.101010        0.894427        1.000000               0               0        1.006231        9.174312        1.000000


MOMENTS OF SIMULATED VARIABLES

VARIABLE      MEAN    STD. DEV.   VARIANCE   SKEWNESS   KURTOSIS 
pie          1.000000   0.000000   0.000000  -7.071068  47.000000
h            0.894427   0.000000   0.000000  -1.389759  -0.724857
R            0.011284   0.001824   0.000003   0.018553  -0.153323
C            0.883951   0.016148   0.000261  -0.018553  -0.153323
A            0.988287   0.018054   0.000326  -0.018553  -0.153323
lmult1       0.000000   0.000000   0.000000   0.019373  -0.114347
lmult2      -0.025000   0.000000   0.000000  -0.630026  -0.264240
lmult3      -1.018017   0.018166   0.000330  -0.018553  -0.153323
Welf       -51.264639   0.165629   0.027433  -0.018553  -0.153323
Util        -0.523285   0.018054   0.000326  -0.018553  -0.153323


CORRELATION OF SIMULATED VARIABLES

VARIABLE     pie      h       R       C       A    lmult1  lmult2  lmult3   Welf    Util  
pie         1.0000  0.1929 -0.2294  0.2294  0.2294 -0.0968 -0.0626  0.2294  0.2294  0.2294
h           0.1929  1.0000 -0.4789  0.4789  0.4789 -0.6119 -0.3266  0.4789  0.4789  0.4789
R          -0.2294 -0.4789  1.0000 -1.0000 -1.0000  0.8309  0.8768 -1.0000 -1.0000 -1.0000
C           0.2294  0.4789 -1.0000  1.0000  1.0000 -0.8309 -0.8768  1.0000  1.0000  1.0000
A           0.2294  0.4789 -1.0000  1.0000  1.0000 -0.8309 -0.8768  1.0000  1.0000  1.0000
lmult1     -0.0968 -0.6119  0.8309 -0.8309 -0.8309  1.0000  0.9258 -0.8309 -0.8309 -0.8309
lmult2     -0.0626 -0.3266  0.8768 -0.8768 -0.8768  0.9258  1.0000 -0.8768 -0.8768 -0.8768
lmult3      0.2294  0.4789 -1.0000  1.0000  1.0000 -0.8309 -0.8768  1.0000  1.0000  1.0000
Welf        0.2294  0.4789 -1.0000  1.0000  1.0000 -0.8309 -0.8768  1.0000  1.0000  1.0000
Util        0.2294  0.4789 -1.0000  1.0000  1.0000 -0.8309 -0.8768  1.0000  1.0000  1.0000


AUTOCORRELATION OF SIMULATED VARIABLES

VARIABLE      1       2       3       4       5   
pie         0.5054  0.0000  0.0000  0.0000  0.0000
h           1.8329  1.7432  1.5794  1.6802  1.5882
R           0.8267  0.6610  0.5010  0.4347  0.3583
C           0.8267  0.6610  0.5010  0.4347  0.3583
A           0.8267  0.6610  0.5010  0.4347  0.3583
lmult1      0.8180  0.6448  0.4787  0.4215  0.3519
lmult2      1.0055  0.8856  0.7563  0.6439  0.5512
lmult3      0.8267  0.6610  0.5010  0.4347  0.3583
Welf        0.8267  0.6610  0.5010  0.4347  0.3583
Util        0.8267  0.6610  0.5010  0.4347  0.3583
Total computing time : 0h00m04s
