 
 
 
 
Residuals of the static equations:
 
Equation number 1 : 0
Equation number 2 : 0
Equation number 3 : 0
Equation number 4 : 0
Equation number 5 : 0
Equation number 6 : 0
Equation number 7 : 0
Equation number 8 : 0
Equation number 9 : 0
Equation number 10 : 0
Equation number 11 : 0
Equation number 12 : 0
Equation number 13 : 0
Equation number 14 : 0
Equation number 15 : 0
Equation number 16 : 0
 
 
 
STEADY-STATE RESULTS:
 
c         		 -0.0526803
i         		 0.0100503
pi        		 0
r         		 0.0100503
n         		 -0.0526803
w         		 -0.105361
mc        		 -0.105361
a         		 0
y         		 -0.0526803
vp        		 0
pisharp   		 0
x1        		 1.25138
x2        		 1.35674
yf        		 -0.0526803
outputgap 		 0
m         		 4.55249
 
EIGENVALUES:
         Modulus             Real        Imaginary

          0.5484           0.5484                0
            0.75             0.75                0
            0.95             0.95                0
           1.123            1.123                0
           1.312            1.312                0
           1.347            1.347                0
             Inf              Inf                0


There are 4 eigenvalue(s) larger than 1 in modulus 
for 4 forward-looking variable(s)
 
The rank condition is verified.
 
 
MODEL SUMMARY
 
  Number of variables:         16
  Number of stochastic shocks: 2
  Number of state variables:   3
  Number of jumpers:           4
  Number of static variables:  9


MATRIX OF COVARIANCE OF EXOGENOUS SHOCKS

Variables    ea        ei        
ea           0.000100  0.000000
ei           0.000000  0.000100
 
POLICY AND TRANSITION FUNCTIONS
                               m               i               pi              n               w               mc              y               yf              r               outputgap       a        
Constant                    4.552490        0.010050               0       -0.052680       -0.105361       -0.105361       -0.052680       -0.052680        0.010050               0               0
i(-1)                     -56.525897        0.548415       -0.838618       -2.232855       -4.465711       -4.465711       -2.232855               0        1.008325       -2.232855               0
a(-1)                       4.618165       -0.039439       -0.131464       -0.236305        0.477390       -0.472610        0.713695        0.950000        0.052377       -0.236305        0.950000
vp(-1)                     -2.448935        0.023260        0.077533        0.603791        0.457582        0.457582       -0.146209               0       -0.015384       -0.146209               0
ea                          4.861226       -0.041515       -0.138383       -0.248742        0.502516       -0.497484        0.751258        1.000000        0.055134       -0.248742        1.000000
ei                        -70.657371        0.685518       -1.048273       -2.791069       -5.582138       -5.582138       -2.791069               0        1.260406       -2.791069               0


THEORETICAL MOMENTS

VARIABLE     MEAN       STD. DEV.  VARIANCE   
m               4.5525     0.9002     0.8103
i               0.0101     0.0087     0.0001
pi              0.0000     0.0128     0.0002
n              -0.0527     0.0335     0.0011
w              -0.1054     0.0725     0.0053
mc             -0.1054     0.0670     0.0045
y              -0.0527     0.0449     0.0020
yf             -0.0527     0.0320     0.0010
r               0.0101     0.0151     0.0002
outputgap       0.0000     0.0335     0.0011
a               0.0000     0.0320     0.0010
 


VARIANCE DECOMPOSITION (in percent)

             ea      ei      
m             11.88   88.12
i             10.67   89.33
pi             3.49   96.51
n              0.86   99.14
w             15.19   84.81
mc             0.86   99.14
y             44.75   55.25
yf           100.00    0.00
r              0.82   99.18
outputgap      0.86   99.14
a            100.00    0.00
 


MATRIX OF CORRELATIONS

Variables    m          i          pi         n          w          mc         y          yf         r          outputgap  a          
m               1.0000    -0.9998     0.8677     0.9182     0.9988     0.9182     0.9269     0.3385    -0.9593     0.9182     0.3385
i              -0.9998     1.0000    -0.8773    -0.9258    -0.9976    -0.9258    -0.9194    -0.3200     0.9646    -0.9258    -0.3200
pi              0.8677    -0.8773     1.0000     0.9936     0.8422     0.9936     0.6177    -0.1740    -0.9728     0.9936    -0.1740
n               0.9182    -0.9258     0.9936     1.0000     0.8975     1.0000     0.7023    -0.0620    -0.9927     1.0000    -0.0620
w               0.9988    -0.9976     0.8422     0.8975     1.0000     0.8975     0.9443     0.3845    -0.9442     0.8975     0.3845
mc              0.9182    -0.9258     0.9936     1.0000     0.8975     1.0000     0.7023    -0.0620    -0.9927     1.0000    -0.0620
y               0.9269    -0.9194     0.6177     0.7023     0.9443     0.7023     1.0000     0.6669    -0.7832     0.7023     0.6669
yf              0.3385    -0.3200    -0.1740    -0.0620     0.3845    -0.0620     0.6669     1.0000    -0.0590    -0.0620     1.0000
r              -0.9593     0.9646    -0.9728    -0.9927    -0.9442    -0.9927    -0.7832    -0.0590     1.0000    -0.9927    -0.0590
outputgap       0.9182    -0.9258     0.9936     1.0000     0.8975     1.0000     0.7023    -0.0620    -0.9927     1.0000    -0.0620
a               0.3385    -0.3200    -0.1740    -0.0620     0.3845    -0.0620     0.6669     1.0000    -0.0590    -0.0620     1.0000
 


COEFFICIENTS OF AUTOCORRELATION

Order        1       2       3       4       5       
m            0.6002  0.3783  0.2542  0.1838  0.1430
i            0.5950  0.3706  0.2453  0.1745  0.1336
pi           0.5575  0.3143  0.1806  0.1068  0.0660
n            0.5488  0.3014  0.1657  0.0912  0.0504
w            0.6142  0.3993  0.2783  0.2090  0.1682
mc           0.5488  0.3014  0.1657  0.0912  0.0504
y            0.7360  0.5819  0.4884  0.4287  0.3879
yf           0.9500  0.9025  0.8574  0.8145  0.7738
r            0.5509  0.3044  0.1692  0.0949  0.0540
outputgap    0.5488  0.3014  0.1657  0.0912  0.0504
a            0.9500  0.9025  0.8574  0.8145  0.7738
