 
 
 
 
Residuals of the static equations:
 
Equation number 1 : 0
Equation number 2 : 0
Equation number 3 : 0
Equation number 4 : 0
Equation number 5 : 0
Equation number 6 : 0
Equation number 7 : 0
Equation number 8 : 0
Equation number 9 : 0
Equation number 10 : 0
Equation number 11 : 0
Equation number 12 : 0
Equation number 13 : 0
Equation number 14 : 0
Equation number 15 : 0
 
 
 
STEADY-STATE RESULTS:
 
c      		 -0.244191
n      		 -1.09861
w      		 0.719991
R      		 -3.34953
i      		 0.029853
k      		 2.27776
a      		 0
y      		 0.0268443
I      		 -1.41112
dlnm   		 0
pi     		 0.0198026
m      		 -0.224388
r      		 0.0100503
mu     		 -3.28217
lambda 		 0.214338
 
MODEL SUMMARY
 
  Number of variables:         15
  Number of stochastic shocks: 2
  Number of state variables:   5
  Number of jumpers:           4
  Number of static variables:  7


MATRIX OF COVARIANCE OF EXOGENOUS SHOCKS

Variables    ea        em        
ea           0.000100  0.000000
em           0.000000  0.000100
 
POLICY AND TRANSITION FUNCTIONS
                                  c               n               w               R               i               k               a               y               I               dlnm            pi              m               r               mu              lambda
Constant                   -0.244191       -1.098612        0.719991       -3.349525        0.029853        2.277757               0        0.026844       -1.411122               0        0.019803       -0.224388        0.010050       -3.282170        0.214338
k(-1)                       0.540709       -0.248851        0.416284       -0.832567               0        0.949211               0        0.167433       -1.031576        0.540709       -0.540709        0.540709       -0.027462       -0.540709       -0.540709
a(-1)                       0.066138        0.520634        0.326455        0.847090               0        0.083890        0.500000        0.847090        3.355601        0.066138       -0.066138        0.066138        0.012291       -0.066138       -0.066138
dlnm(-1)                   -0.460554       -0.047335        0.015778       -0.031557        0.250000        0.033661               0       -0.031557        1.346435        0.039446        0.460554        0.039446       -0.001522       16.960554       -0.039446
m(-1)                              0               0               0               0               0               0               0               0               0       -1.000000        1.000000               0               0               0               0
pi(-1)                     -0.460554       -0.047335        0.015778       -0.031557        0.250000        0.033661               0       -0.031557        1.346435        0.039446        0.460554        0.039446       -0.001522       16.960554       -0.039446
ea                          0.132276        1.041269        0.652910        1.694179               0        0.167780        1.000000        1.694179        6.711202        0.132276       -0.132276        0.132276        0.024582       -0.132276       -0.132276
em                         -0.921108       -0.094670        0.031557       -0.063113        0.500000        0.067322               0       -0.063113        2.692871        0.078892        0.921108        0.078892       -0.003044       33.921108       -0.078892


THEORETICAL MOMENTS

VARIABLE    MEAN       STD. DEV.  VARIANCE   
c             -0.2442     0.0121     0.0001
n             -1.0986     0.0119     0.0001
w              0.7200     0.0095     0.0001
R             -3.3495     0.0202     0.0004
i              0.0299     0.0058     0.0000
k              2.2778     0.0111     0.0001
a              0.0000     0.0115     0.0001
y              0.0268     0.0200     0.0004
I             -1.4111     0.0822     0.0068
dlnm           0.0000     0.0016     0.0000
pi             0.0198     0.0110     0.0001
m             -0.2244     0.0066     0.0000
r              0.0101     0.0004     0.0000
mu            -3.2822     0.3913     0.1531
lambda         0.2143     0.0066     0.0000
 


VARIANCE DECOMPOSITION (in percent)

          ea      em      
c          24.97   75.03
n          98.14    1.86
w          96.31    3.69
R          96.75    3.25
i           0.00  100.00
k          86.13   13.87
a         100.00    0.00
y          99.79    0.21
I          86.13   13.87
dlnm       74.68   25.32
pi          1.56   98.44
m          84.75   15.25
r          89.45   10.55
mu          0.02   99.98
lambda     84.75   15.25
 


MATRIX OF CORRELATIONS

Variables    c        n        w        R        i        k        a        y        I        dlnm     pi       m        r        mu       lambda   
c            1.0000  0.1812  0.3572  0.0222 -0.8468  0.4134  0.2088  0.2784 -0.1875 -0.3288 -0.8425  0.3520 -0.1333 -0.8554 -0.3520
n            0.1812  1.0000  0.7298  0.9715 -0.1069  0.0942  0.9678  0.9457  0.8815  0.7930 -0.2269  0.1457  0.7808 -0.1097 -0.1457
w            0.3572  0.7298  1.0000  0.5587  0.0708  0.7473  0.8747  0.9125  0.7645  0.5825 -0.0097  0.7827  0.1460  0.0579 -0.7827
R            0.0222  0.9715  0.5587  1.0000 -0.0664 -0.1335  0.8906  0.8472  0.8560  0.8142 -0.1875 -0.0760  0.9017 -0.0654  0.0760
i           -0.8468 -0.1069  0.0708 -0.0664  1.0000  0.1331  0.0000 -0.0303  0.3689  0.4129  0.9913  0.1998 -0.1443  0.9999 -0.1998
k            0.4134  0.0942  0.7473 -0.1335  0.1331  1.0000  0.3318  0.4118  0.2260  0.0416  0.1339  0.9958 -0.5478  0.1168 -0.9958
a            0.2088  0.9678  0.8747  0.8906  0.0000  0.3318  1.0000  0.9953  0.9193  0.7951 -0.1149  0.3847  0.6069 -0.0065 -0.3847
y            0.2784  0.9457  0.9125  0.8472 -0.0303  0.4118  0.9953  1.0000  0.8912  0.7517 -0.1404  0.4595  0.5368 -0.0381 -0.4595
I           -0.1875  0.8815  0.7645  0.8560  0.3689  0.2260  0.9193  0.8912  1.0000  0.9240  0.2542  0.3037  0.6119  0.3650 -0.3037
dlnm        -0.3288  0.7930  0.5825  0.8142  0.4129  0.0416  0.7951  0.7517  0.9240  1.0000  0.2895  0.1210  0.6549  0.4122 -0.1210
pi          -0.8425 -0.2269 -0.0097 -0.1875  0.9913  0.1339 -0.1149 -0.1404  0.2542  0.2895  1.0000  0.1925 -0.2463  0.9913 -0.1925
m            0.3520  0.1457  0.7827 -0.0760  0.1998  0.9958  0.3847  0.4595  0.3037  0.1210  0.1925  1.0000 -0.4997  0.1837 -1.0000
r           -0.1333  0.7808  0.1460  0.9017 -0.1443 -0.5478  0.6069  0.5368  0.6119  0.6549 -0.2463 -0.4997  1.0000 -0.1364  0.4997
mu          -0.8554 -0.1097  0.0579 -0.0654  0.9999  0.1168 -0.0065 -0.0381  0.3650  0.4122  0.9913  0.1837 -0.1364  1.0000 -0.1837
lambda      -0.3520 -0.1457 -0.7827  0.0760 -0.1998 -0.9958 -0.3847 -0.4595 -0.3037 -0.1210 -0.1925 -1.0000  0.4997 -0.1837  1.0000
 


COEFFICIENTS OF AUTOCORRELATION

Order     1       2       3       4       5       
c         0.5913  0.3823  0.2734  0.2148  0.1815
n         0.4700  0.2066  0.0763  0.0125 -0.0181
w         0.7127  0.5583  0.4708  0.4173  0.3814
R         0.4926  0.2393  0.1130  0.0502  0.0191
i         0.5000  0.2500  0.1250  0.0625  0.0312
k         0.9828  0.9496  0.9098  0.8678  0.8258
a         0.5000  0.2500  0.1250  0.0625  0.0312
y         0.5266  0.2885  0.1682  0.1068  0.0750
I         0.4714  0.2086  0.0785  0.0148 -0.0158
dlnm      0.1585  0.0585  0.0096 -0.0139 -0.0247
pi        0.5295  0.2672  0.1360  0.0702  0.0372
m         0.9707  0.9322  0.8902  0.8477  0.8060
r         0.6659  0.4904  0.3947  0.3392  0.3043
mu        0.4986  0.2480  0.1227  0.0602  0.0289
lambda    0.9707  0.9322  0.8902  0.8477  0.8060
