MOMENTS OF SIMULATED VARIABLES (HP filter, lambda = 1600)

VARIABLE      MEAN            STD. DEV.       VARIANCE        SKEWNESS        KURTOSIS        
a                -0.019705        0.011743        0.000138       -0.026593       -0.273987
n                -1.099827        0.006976        0.000049       -0.053905       -0.223238
c                -0.295289        0.006503        0.000042        0.053327       -0.336704
k                 2.204295        0.004354        0.000019        0.189507       -0.152872
i                -1.483129        0.050254        0.002525       -0.043193       -0.244560
r                 0.010332        0.000528        0.000000       -0.064945       -0.200056
w                 0.670165        0.009682        0.000094        0.011936       -0.321082
R                 0.035362        0.000585        0.000000       -0.063627       -0.202855
y                -0.029184        0.016420        0.000270       -0.018192       -0.286889
yn                1.070643        0.009682        0.000094        0.011936       -0.321082


CORRELATION OF SIMULATED VARIABLES (HP filter, lambda = 1600)

VARIABLE    a       n       c       k       i       r       w       R       y       yn      
a           1.0000  0.9878  0.9332  0.3178  0.9958  0.9738  0.9827  0.9758  0.9991  0.9827
n           0.9878  1.0000  0.8659  0.1664  0.9979  0.9973  0.9419  0.9980  0.9802  0.9419
c           0.9332  0.8659  1.0000  0.6373  0.8965  0.8270  0.9836  0.8321  0.9478  0.9836
k           0.3178  0.1664  0.6373  1.0000  0.2299  0.0939  0.4880  0.1030  0.3584  0.4880
i           0.9958  0.9979  0.8965  0.2299  1.0000  0.9905  0.9616  0.9917  0.9909  0.9616
r           0.9738  0.9973  0.8270  0.0939  0.9905  1.0000  0.9148  1.0000  0.9631  0.9148
w           0.9827  0.9419  0.9836  0.4880  0.9616  0.9148  1.0000  0.9184  0.9898  1.0000
R           0.9758  0.9980  0.8321  0.1030  0.9917  1.0000  0.9184  1.0000  0.9655  0.9184
y           0.9991  0.9802  0.9478  0.3584  0.9909  0.9631  0.9898  0.9655  1.0000  0.9898
yn          0.9827  0.9419  0.9836  0.4880  0.9616  0.9148  1.0000  0.9184  0.9898  1.0000


AUTOCORRELATION OF SIMULATED VARIABLES (HP filter, lambda = 1600)

VARIABLE    1       2       3       4       5       
a           0.7320  0.4834  0.2513  0.0768 -0.0478
n           0.7247  0.4712  0.2362  0.0611 -0.0624
c           0.7880  0.5756  0.3652  0.1932  0.0570
k           0.9560  0.8505  0.7037  0.5359  0.3618
i           0.7263  0.4740  0.2397  0.0648 -0.0588
r           0.7252  0.4720  0.2370  0.0617 -0.0621
w           0.7545  0.5205  0.2972  0.1239 -0.0052
R           0.7250  0.4717  0.2366  0.0614 -0.0624
y           0.7359  0.4899  0.2594  0.0852 -0.0402
yn          0.7545  0.5205  0.2972  0.1239 -0.0052
