beta  = 0.90000000000000; 
gamma = 3.00000000000000; 
mu    = 1.50000000000000; 
sigma = 0.15000000000000; 
r     = 0.03000000000000; 
eta0  = 30.00000000000000; 
eta1  = 0.04500000000000; 
eta2  = -0.00180000000000; 
